{
  "advancedEditorSelectedIdentifier" : "ProjectBrowser",
  "openSceneRelativePaths" : [

  ],
  "recentIdentifiers" : {

  },
  "sceneCameraHistory" : {
    "90C576A0-F90A-43B8-9998-14918A66F863" : [
      {
        "date" : 718649665.532987,
        "title" : "Untitled",
        "transform" : [
          0.94290566,
          -9.580393e-09,
          -0.33305976,
          0,
          -0.17127265,
          0.85764635,
          -0.48487985,
          0,
          0.28564748,
          0.51423997,
          0.8086796,
          0,
          0.12409395,
          0.36819845,
          0.69732153,
          1
        ]
      },
      {
        "date" : 718649658.160735,
        "title" : "Untitled",
        "transform" : [
          -0.12852946,
          -9.040435e-10,
          -0.9917058,
          0,
          -0.33548006,
          0.94104344,
          0.043479703,
          0,
          0.9332381,
          0.3382859,
          -0.120951794,
          0,
          0.5501961,
          0.28597867,
          0.3380917,
          1
        ]
      },
      {
        "date" : 718649530.796053,
        "title" : "Untitled",
        "transform" : [
          0.9849129,
          -1.4848327e-09,
          0.17305061,
          0,
          0.042831577,
          0.96888554,
          -0.24377479,
          0,
          -0.16766626,
          0.24750896,
          0.9542679,
          0,
          -0.09277359,
          0.24204457,
          0.70281595,
          1
        ]
      },
      {
        "date" : 718649247.891008,
        "title" : "Untitled",
        "transform" : [
          0.99999994,
          0,
          -0,
          0,
          -0,
          0.86602515,
          -0.5000003,
          0,
          0,
          0.5000003,
          0.86602515,
          0,
          0,
          0.3830596,
          0.6634788,
          1
        ]
      }
    ],
    "B5D4410A-0237-47C8-9198-205C6F4414AA" : [
      {
        "date" : 718649370.75512,
        "title" : "Untitled",
        "transform" : [
          0.99999994,
          0,
          -0,
          0,
          -0,
          0.8660254,
          -0.49999994,
          0,
          0,
          0.49999994,
          0.8660254,
          0,
          0,
          0.22843981,
          0.39566937,
          1
        ]
      }
    ]
  }
}